21.398
21.525
21.651
21.482
21.567
21.567
21.44
21.567
21.735
21.946
22.241
22.325
22.451
22.493
22.241
22.283
22.662
22.957
22.957
22.872
22.704
22.872
22.578
22.367
22.156
21.946
21.525
21.398
21.103
21.061
21.019
21.23
21.44
20.64
21.188
21.567
21.946
22.03
22.746
23.504
24.052
24.768
25.568
26.369
26.2
26.369
26.326
26.79
26.874
27.043
27.169
27.211
27.127
27
26.579
26.326
26.495
26.453
26.663
26.832
27.127
27.295
27.38
27.127
26.874
26.621
26.2
27.885
28.896
29.191
29.78
29.949
30.033
30.202
30.454
30.581
30.749
30.623
31.002
30.834
30.202
29.949
29.233
28.517
28.306
28.39
28.222
28.053
28.222
28.306
28.348
28.306
28.348
28.685
29.149
29.528
30.202
30.581
31.297
31.676
32.181
32.224
32.476
32.434
32.645
33.192
33.277
33.403
33.614
33.319
33.319
33.571
33.277
32.982
31.971
33.277
34.035
34.33
34.035
34.54
34.414
34.751
34.709
34.245
34.119
34.203
34.414
34.414
34.119
33.614
32.813
32.181
31.592
30.918
30.539
30.033
30.328
31.128
31.592
32.224
32.518
32.898
33.866
33.908
34.414
35.088
35.593
36.352
36.899
36.941
36.057
34.835
34.793
34.54
34.751
36.899
37.868
37.531
37.194
36.899
36.857
36.394
36.267
36.225
35.846
35.804
35.299
34.625
34.667
34.625
34.835
35.551
36.099
36.604
37.026
37.362
37.32
38.036
38.626
38.963
38.626
39.258
39.469
39.553
39.511
39.427
39.806
39.848
40.1
40.143
40.311
40.311
40.606
41.069
41.322
41.701
42.207
42.333
42.164
42.249
42.67
42.965
43.175
43.091
43.47
43.765
43.765
44.481
44.734
44.86
45.155
45.45
45.618
44.987
46.377
46.924
47.43
47.725
48.356
48.567
48.946
49.325
49.789
49.999
50.126
50.631
50.842
51.473
51.979
52.316
53.032
53.116
53.622
53.874
54.169
54.211
54.717
55.096
54.717
54.843
55.102
54.477
54.17
54.681
54.204
54.197
54.074
55.11
55.02
55.468
56.261
56.867
56.806
57.01
57.188
57.271
57.913
58.126
58.037
58.199
58.419
58.535
59.292
59.479
59.839
60.222
60.694
60.471
60.242
60.831
61.152
61.293
61.279
61.297
60.719
60.556
59.435
59.396
59.318
59.166
59.097
58.906
59.05
58.945
58.539
57.368
57.02
58.33
58.779
58.666
58.603
58.932
59.231
59.479
59.307
58.963
59.921
60.369
60.626
61.326
62.687
63.119
63.639
64.657
64.505
64.713
64.616
65.496
66.215
67.166
67.969
68.615
68.669
69.618
69.599
69.854
70.151
70.687
71.126
71.085
71.63
71.898
71.924
70.788
69.808
69.535
69.852
69.722
70.538
70.757
70.43
70.184
70.476
69.965
67.957
65.131
63.439
62.422
61.312
61.88
61.688
62.491
62.857
63.977
64.642
64.958
65.569
66.1
66.815
68.002
67.836
68.099
68.877
68.923
69.329
69.726
69.952
70.191
71.361
71.929
72.326
72.379
73.22
74.258
75
75.567
75.605
75.894
76.292
76.132
76.175
75.877
75.622
75.631
76.392
78.991
79.033
79.905
80.14
80.339
80.737
81.146
81.611
81.913
81.526
82.14
82.368
81.597
82.539
82.559
81.96
81.63
81.689
82.03
81.623
81.45
81.83
81.892
81.868
80.271
78.283
77.291
76.795
77.696
78.846
79.413
80.695
81.095
80.396
80.781
81.147
80.604
81.279
81.789
82.513
82.144
81.478
80.857
79.726
78.831
77.562
79.235
78.681
77.938
77.341
77.083
76.45
76.046
75.488
74.863
74.664
74.05
75.628
75.453
76.204
77.159
78.089
78.529
79.922
80.995
82.377
83.027
82.945
83.369
85.102
84.968
85.906
86.362
86.859
87.251
87.426
87.415
87.294
86.885
86.956
86.567
86.871
87.618
87.84
87.982
88.183
87.967
87.583
88.107
88.638
87.872
88.375
88.99
89.612
88.972
88.076
88.749
88.551
88.247
88.534
88.783
88.7
89.499
89.942
90.772
90.196
91.24
91.583
91.958
92.361
93.159
93.721
93.828
93.743
95.014
95.29
95.855
95.926
96.243
96.259
96.816
96.891
96.96
97.593
98.117
97.766
98.035
98.771
99.275
99.827
99.038
99.968
100.213
99.583
99.407
98.424
98.824
98.623
98.171
98.56
99.032
98.572
99.081
99.559
98.959
99.35
99.33
99.284
99.477
99.613
99.064
97.748
97.171
96.693
95.929
95.046
95.379
96.12
97.244
97.321
97.445
98.375
98.28
98.143
97.51
97.689
98.266
98.975
99.764
99.99
99.675
100.342
100.003
100.463
101.228
101.776
101.829
102.383
102.802
102.925
103.3
102.728
102.942
103.303
103.121
104.14
104.427
104.891
105.69
105.995
106.485
107.187
107.718
108.467
109.022
109.569
109.894
110.122
110.945
111.778
112.875
113.506
113.401
113.556
113.568
113.942
114.337
114.281
115.441
115.926
115.424
115.622
115.512
115.301
116.725
116.288
117.53
118.257
118.897
118.943
119.253
119.613
119.65
120.587
120.943
121.288
122.064
122.468
123.073
123.316
123.546
124.527
125.246
125.585
126.55
127.528
127.884
127.813
127.327
127.966
128.407
128.848
127.481
127.022
129.026
128.658